1	3.2.1.14:0, 
2	3.2.1.14:7, 
3	3.2.1.14:56, 
4	
5	
6	
7	
8	
9	3.2.1.14:112, 
10	
11	
12	
13	
14	
15	
16	
17	
18	
19	
20	3.2.1.14:37, 
21	3.2.1.14:1, 
22	
23	3.2.1.14:82, 
24	
25	
26	
27	
28	
29	
30	
31	
32	
33	
34	
35	
36	
37	3.2.1.14:54, 
38	
39	
40	
41	
42	
43	
44	
45	
46	
47	3.2.1.14:1, 
48	
49	
50	
51	
52	3.2.1.14:1, 
53	
54	
55	
56	3.2.1.14:30, 
57	
58	
59	
60	3.2.1.14:30, 
61	
62	
63	
64	
65	
66	
67	
68	
69	3.2.1.14:10, 
70	
71	
72	
