   0.0000000e+00   1.0000000e+00
   5.1482649e-02   9.4851735e-01
   0.0000000e+00   1.0000000e+00
   0.0000000e+00   1.0000000e+00
   0.0000000e+00   1.0000000e+00
   1.0789208e-02   9.8921079e-01
   4.6818462e-03   9.9531815e-01
   0.0000000e+00   1.0000000e+00
   0.0000000e+00   1.0000000e+00
   0.0000000e+00   1.0000000e+00
   4.0462527e-02   9.5953747e-01
   0.0000000e+00   1.0000000e+00
   0.0000000e+00   1.0000000e+00
   4.3729117e-03   9.9562709e-01
   1.5870596e-02   9.8412940e-01
   6.7246346e-03   9.9327537e-01
   0.0000000e+00   1.0000000e+00
   0.0000000e+00   1.0000000e+00
   8.3164091e-02   9.1683591e-01
   0.0000000e+00   1.0000000e+00
   1.8874497e-01   8.1125503e-01
   0.0000000e+00   1.0000000e+00
   0.0000000e+00   1.0000000e+00
   4.6865972e-02   9.5313403e-01
   0.0000000e+00   1.0000000e+00
   7.4640757e-02   9.2535924e-01
   5.0517010e-02   9.4948299e-01
   0.0000000e+00   1.0000000e+00
   1.5834450e-02   9.8416555e-01
   5.0106571e-02   9.4989343e-01
   1.9650984e-03   9.9803490e-01
   7.4572777e-05   9.9992543e-01
   0.0000000e+00   1.0000000e+00
   0.0000000e+00   1.0000000e+00
   5.7276020e-02   9.4272398e-01
   1.1554745e-02   9.8844525e-01
   5.5712913e-03   9.9442871e-01
   3.5740840e-03   9.9642592e-01
   9.7687001e-03   9.9023130e-01
   1.2570244e-01   8.7429756e-01
   0.0000000e+00   1.0000000e+00
   1.3026979e-02   9.8697302e-01
   0.0000000e+00   1.0000000e+00
   2.2187937e-02   9.7781206e-01
   0.0000000e+00   1.0000000e+00
   1.2586246e-02   9.8741375e-01
   0.0000000e+00   1.0000000e+00
   1.6834077e-01   8.3165923e-01
   6.6948754e-02   9.3305125e-01
   8.9767939e-02   9.1023206e-01
   2.1789051e-02   9.7821095e-01
   0.0000000e+00   1.0000000e+00
   4.3116978e-02   9.5688302e-01
   0.0000000e+00   1.0000000e+00
   0.0000000e+00   1.0000000e+00
   1.1337668e-01   8.8662332e-01
   2.8233891e-02   9.7176611e-01
   0.0000000e+00   1.0000000e+00
   0.0000000e+00   1.0000000e+00
   0.0000000e+00   1.0000000e+00
   7.9075751e-03   9.9209242e-01
   0.0000000e+00   1.0000000e+00
   0.0000000e+00   1.0000000e+00
   0.0000000e+00   1.0000000e+00
   0.0000000e+00   1.0000000e+00
   0.0000000e+00   1.0000000e+00
   6.4426974e-03   9.9355730e-01
   1.4796107e-01   8.5203893e-01
   3.1879532e-03   9.9681205e-01
   5.3187847e-02   9.4681215e-01
   0.0000000e+00   1.0000000e+00
   0.0000000e+00   1.0000000e+00
   0.0000000e+00   1.0000000e+00
   0.0000000e+00   1.0000000e+00
   7.6575205e-02   9.2342479e-01
   3.8765611e-02   9.6123439e-01
   0.0000000e+00   1.0000000e+00
   9.7765075e-02   9.0223492e-01
   2.1017019e-02   9.7898298e-01
   0.0000000e+00   1.0000000e+00
   2.0258143e-02   9.7974186e-01
   1.7354707e-01   8.2645293e-01
   0.0000000e+00   1.0000000e+00
   2.2786163e-02   9.7721384e-01
   0.0000000e+00   1.0000000e+00
   0.0000000e+00   1.0000000e+00
   0.0000000e+00   1.0000000e+00
   0.0000000e+00   1.0000000e+00
   1.5893025e-01   8.4106975e-01
   1.6984854e-02   9.8301515e-01
   9.2637129e-03   9.9073629e-01
   8.6211639e-02   9.1378836e-01
   0.0000000e+00   1.0000000e+00
   4.3957325e-02   9.5604267e-01
   0.0000000e+00   1.0000000e+00
   3.2986169e-02   9.6701383e-01
   2.2613033e-02   9.7738697e-01
   5.1401380e-03   9.9485986e-01
   1.1187731e-01   8.8812269e-01
   0.0000000e+00   1.0000000e+00
   9.3979209e-01   6.0207909e-02
   9.4635812e-01   5.3641885e-02
   1.0000000e+00   0.0000000e+00
   9.1417021e-01   8.5829789e-02
   1.0000000e+00   0.0000000e+00
   1.0000000e+00   0.0000000e+00
   1.0000000e+00   0.0000000e+00
   9.4839201e-01   5.1607989e-02
   9.8025583e-01   1.9744169e-02
   1.0000000e+00   0.0000000e+00
   1.0000000e+00   0.0000000e+00
   9.8001867e-01   1.9981328e-02
   1.0000000e+00   0.0000000e+00
   1.0000000e+00   0.0000000e+00
   9.2068658e-01   7.9313425e-02
   1.0000000e+00   0.0000000e+00
   1.0000000e+00   0.0000000e+00
   1.0000000e+00   0.0000000e+00
   1.0000000e+00   0.0000000e+00
   1.0000000e+00   0.0000000e+00
   1.0000000e+00   0.0000000e+00
   9.1329693e-01   8.6703072e-02
   1.0000000e+00   0.0000000e+00
   1.0000000e+00   0.0000000e+00
   9.7609790e-01   2.3902100e-02
   9.8632964e-01   1.3670358e-02
   9.5037284e-01   4.9627160e-02
   1.0000000e+00   0.0000000e+00
   1.0000000e+00   0.0000000e+00
   1.0000000e+00   0.0000000e+00
   1.0000000e+00   0.0000000e+00
   9.7440586e-01   2.5594140e-02
   9.7754011e-01   2.2459888e-02
   9.7605381e-01   2.3946191e-02
   8.6196837e-01   1.3803163e-01
   1.0000000e+00   0.0000000e+00
   1.0000000e+00   0.0000000e+00
   9.8191693e-01   1.8083068e-02
   1.0000000e+00   0.0000000e+00
   8.9634011e-01   1.0365989e-01
   1.0000000e+00   0.0000000e+00
   9.4737699e-01   5.2623015e-02
   1.0000000e+00   0.0000000e+00
   1.0000000e+00   0.0000000e+00
   9.6133850e-01   3.8661498e-02
   9.2054664e-01   7.9453363e-02
   1.0000000e+00   0.0000000e+00
   1.0000000e+00   0.0000000e+00
   1.0000000e+00   0.0000000e+00
   1.0000000e+00   0.0000000e+00
   1.0000000e+00   0.0000000e+00
   1.0000000e+00   0.0000000e+00
   9.9235386e-01   7.6461400e-03
   9.4339250e-01   5.6607501e-02
   1.0000000e+00   0.0000000e+00
   1.0000000e+00   0.0000000e+00
   1.0000000e+00   0.0000000e+00
   1.0000000e+00   0.0000000e+00
   9.7894181e-01   2.1058192e-02
   9.4411016e-01   5.5889839e-02
   1.0000000e+00   0.0000000e+00
   1.0000000e+00   0.0000000e+00
   9.4433833e-01   5.5661669e-02
   9.4523315e-01   5.4766847e-02
   9.7727929e-01   2.2720712e-02
   1.0000000e+00   0.0000000e+00
   1.0000000e+00   0.0000000e+00
   1.0000000e+00   0.0000000e+00
   9.2823750e-01   7.1762502e-02
   1.0000000e+00   0.0000000e+00
   9.1548063e-01   8.4519366e-02
   1.0000000e+00   0.0000000e+00
   1.0000000e+00   0.0000000e+00
   9.3505581e-01   6.4944188e-02
   1.0000000e+00   0.0000000e+00
   9.5690940e-01   4.3090596e-02
   9.9683035e-01   3.1696544e-03
   1.0000000e+00   0.0000000e+00
   1.0000000e+00   0.0000000e+00
   1.0000000e+00   0.0000000e+00
   1.0000000e+00   0.0000000e+00
   1.0000000e+00   0.0000000e+00
   9.6993343e-01   3.0066573e-02
   8.8605827e-01   1.1394173e-01
   8.9160461e-01   1.0839539e-01
   9.2673018e-01   7.3269820e-02
   9.5900151e-01   4.0998492e-02
   8.6885848e-01   1.3114152e-01
   1.0000000e+00   0.0000000e+00
   1.0000000e+00   0.0000000e+00
   9.6168038e-01   3.8319622e-02
   9.0751084e-01   9.2489156e-02
   8.7177026e-01   1.2822974e-01
   1.0000000e+00   0.0000000e+00
   1.0000000e+00   0.0000000e+00
   9.1820460e-01   8.1795397e-02
   1.0000000e+00   0.0000000e+00
   1.0000000e+00   0.0000000e+00
   1.0000000e+00   0.0000000e+00
   9.6394822e-01   3.6051777e-02
