1	3.2.1.17:64, 
2	
3	3.2.1.17:123, 
4	3.2.1.17:34, 
5	3.2.1.17:70, 
6	
7	
8	
9	
10	
11	3.2.1.17:57, 
12	
13	
14	
15	
16	
17	
18	
19	3.2.1.17:8, 
20	
21	
22	
23	3.2.1.17:53, 
24	
25	
26	
27	
28	
29	
30	
31	
32	
33	
34	
35	
36	
37	
38	
39	
40	
41	
42	
43	
44	
45	
46	
47	
48	
49	
50	3.2.1.17:70, 
51	
52	
53	3.2.1.17:60, 
54	
55	
56	
57	
58	
59	
60	
61	
62	
63	
64	
65	
66	
67	
68	
69	
70	
71	
72	
73	
74	
75	
76	
77	
78	
79	
80	
81	
82	
83	
84	
85	
