1	2.4.1.129:82, 
2	2.4.1.129:41, 
3	2.4.1.129:13, 
4	
5	
6	
7	2.4.1.129:16, 
8	2.4.1.129:26, 
9	2.4.1.129:52, 
10	2.4.1.129:49, 
11	2.4.1.129:97, 
12	
13	
14	
15	
16	
17	
18	
19	
20	
21	
22	
23	
24	
25	2.4.1.129:69, 
26	
27	
28	
29	2.4.1.129:70, 
30	2.4.1.129:12, 
31	
32	
33	
34	
35	
36	
37	
38	
39	
40	
41	
42	
43	
44	
45	
46	
47	
48	
49	
50	
51	
52	
53	
54	
55	
56	
57	2.4.1.129:9, 
58	
59	
60	
61	
62	2.4.1.129:25, 
63	
64	
65	
66	
67	
68	
69	
70	
71	
72	
73	
74	
75	
76	
77	
78	
79	
80	
81	
