1	
2	
3	
4	3.5.1.x:242, 
5	
6	
7	
8	
9	3.1.1.72:61, 
10	3.1.1.72:16, 
11	
12	
13	
14	
15	
16	
17	
18	
19	
20	
21	
22	
23	
24	
25	
26	
27	3.2.1.8:37, 3.1.1.6:27, 3.1.1.72:17, 
28	2.4.1.x:65, 
29	
30	
31	
32	
33	
34	
35	
36	
37	3.1.1.72:6, 
38	
39	
40	
41	3.5.1.x:33, 3.1.1.72:3, 
42	
43	
44	
45	
46	3.5.1.41:182, 
47	
48	
49	
50	
51	
52	3.2.1.8:12, 
53	3.2.1.8:124, 3.1.1.72:99, 
54	
55	
56	
57	
58	
59	
60	
61	
62	3.1.1.x:140, 
63	3.1.1.72:69, 
64	
65	
66	
67	
68	
69	
70	
71	3.1.1.72:4, 
72	
73	
74	
75	
76	
77	
78	
79	
80	3.5.1.41:62, 
81	
82	
83	
84	
85	
86	3.5.1.41:5, 
87	
88	
89	
90	
91	3.5.1.x:4, 
92	
93	
94	
95	
96	
97	3.5.1.x:70, 
98	
99	
100	
101	
102	
103	
104	
105	3.5.1.41:4, 3.1.1.72:3, 
106	3.5.1.41:25, 
107	
108	
109	3.5.1.41:68, 
110	
111	
112	
113	
114	
115	
116	
117	
118	
119	
120	
121	
122	
123	
124	
125	
126	
127	
128	
129	3.1.1.72:7, 
130	3.5.1.41:2, 
131	
132	
133	
134	
135	
136	
137	
138	3.5.1.x:4, 
139	
140	
141	
142	3.1.1.72:3, 
