1	3.2.1.17:59, 
2	
3	
4	
5	
6	
7	3.2.1.17:78, 
8	
9	
10	
11	3.2.1.17:5, 
12	
13	
14	
15	3.2.1.17:39, 
16	3.2.1.17:28, 
17	
18	
19	
20	3.2.1.17:140, 
21	
22	3.2.1.17:96, 
23	
24	
25	
26	
27	3.2.1.17:28, 
28	
29	
30	
31	
32	
33	3.2.1.17:75, 
34	3.2.1.17:72, 
35	
36	
37	
38	
39	
40	3.2.1.17:45, 
41	
42	
43	
44	3.2.1.17:70, 
45	
46	
47	
48	
49	3.2.1.17:27, 
50	
51	
52	
53	
54	3.2.1.17:10, 
55	
56	
57	
58	
59	
60	
61	
62	
63	
64	
65	
66	
67	
68	
69	
70	
71	
72	
73	
74	
75	
76	
77	3.2.1.17:22, 
78	
79	
80	
81	
82	
83	
84	
85	
86	
87	3.2.1.17:19, 
