1	2.4.1.x:54, 
2	2.4.1.123:395, 2.4.1.x:95, 
3	
4	2.4.1.x:43, 
5	2.4.1.x:70, 
6	2.4.1.44:49, 
7	
8	
9	
10	
11	2.4.1.186:268, 
12	2.4.1.x:136, 
13	
14	
15	2.4.1.x:70, 
16	2.4.1.x:9, 
17	
18	2.4.1.186:15, 
19	
20	
21	2.4.1.x:88, 
22	2.4.1.x:124, 
23	
24	2.4.1.186:53, 
25	2.4.1.44:14, 
26	
27	2.4.2.x:115, 
28	
29	
30	
31	
32	
33	
34	
35	2.4.1.58:69, 
36	2.4.1.44:70, 
37	
38	
39	
40	2.4.1.x:64, 
41	
42	
43	
44	
45	2.4.1.44:46, 
46	
47	
48	2.4.1.x:2, 
49	
50	
51	
52	
53	
54	
55	
56	
57	
58	
59	
60	
61	
62	2.4.1.58:70, 
63	
64	
65	
66	
67	
68	
69	2.4.1.x:2, 
70	
71	
72	
73	
74	
75	
76	
